let tsp21: [[Double]] = [
        [0.0, 3.9273921264470264, 1.39256783826842, 1.8902355212210766, 4.261275539920666, 3.541349022343171, 3.30405718667345, 3.3684570457222174, 4.093103471641693, 1.1662311767382212, 1.8558890723327734, 2.04541957080507, 4.0963211887811655, 1.9620052533969283, 2.8954451524229046, 4.007302989173999, 1.8380388014856692, 0.8652887367506049, 1.2176295110119233, 2.206963128230881, 3.444414063598823, 0.0],
        [3.927392126447027, 0.0, 2.7660981795086004, 3.19413317680317, 1.211795353207813, 1.3247629854733927, 1.0828214459752863, 0.912643889178728, 1.6167969064791032, 4.384057202922685, 2.3980855141836486, 2.096551112026006, 1.9088848743011197, 2.482861502695043, 1.1502916738719424, 1.7294933442058489, 2.705844534093178, 3.9290232007648385, 3.8127534433434045, 2.180729318237325, 0.48297806284820316, 3.927392126447027],
        [1.3925678382684197, 2.7660981795086004, 0.0, 0.8352879691248756, 3.4553899401657313, 2.6631585707924055, 2.041980224262184, 2.1063800833109516, 2.7334896003562847, 1.6491315492254526, 0.5167508351357989, 0.6858056995196647, 2.736707317495757, 0.6023913821115227, 1.6335051490774983, 3.333365839940064, 0.4454709632172493, 1.7300553107127299, 1.0466552638348043, 0.8473492569454755, 2.384528703758454, 1.3925678382684197],
        [1.8902355212210764, 3.194133176803171, 0.8352879691248757, 0.0, 4.0271982733763405, 3.234966904003015, 2.5267857147980775, 2.5459701206554457, 2.4934239958716033, 1.3247369661554904, 1.0885591683464086, 1.2576140327302743, 2.496641713011076, 0.9918609274337943, 2.1562889354357773, 3.9501536192041304, 0.7007494390188185, 2.3165411452852926, 0.8078422638405591, 1.0623275129565912, 2.9563370369690642, 1.8902355212210764],
        [4.261275539920669, 1.211795353207814, 3.4553899401657313, 4.027198273376341, 0.0, 0.9547617084628146, 1.8307360366765162, 1.8210641024329648, 2.7903934234388688, 4.902247092552658, 3.0873772748407795, 2.785842872683137, 3.0050925411505776, 3.1849983660599253, 2.0699413954203485, 0.6605996853208869, 3.4034131107278816, 4.10794703067149, 4.389452615572325, 3.123177453906355, 1.2775990057816216, 4.261275539920669],
        [3.541349022343175, 1.3247629854733929, 2.6631585707924064, 3.234966904003016, 0.9547617084628145, 0.0, 1.2207858176053328, 1.1948567595498962, 2.186051965087931, 4.135885882783622, 2.2951459054674546, 1.9936115033098123, 2.5358250404582927, 2.3927669966866003, 1.459991176349165, 0.9016560241817252, 2.6111817413545566, 3.4781009382304866, 3.6230914058032875, 2.33094608453303, 0.9038357917909334, 3.541349022343175],
        [3.304057186673449, 1.0828214459752865, 2.041980224262185, 2.526785714798079, 1.8307360366765162, 1.2207858176053332, 0.0, 0.41065643848104494, 1.222892486280913, 3.6891133810572825, 1.6739675589372343, 1.372433156779591, 1.5726655616512755, 1.771588650156379, 0.41396621063672745, 2.043003383293857, 1.9900033948243359, 3.3560909205679774, 3.088635488096989, 1.4728688620866957, 0.7497428285190482, 3.304057186673449],
        [3.368457045722216, 0.9126438891787281, 2.106380083310951, 2.545970120655447, 1.8210641024329652, 1.1948567595498962, 0.410656438481045, 0.0, 1.0935748833473682, 3.753513240106049, 1.738367417986001, 1.4368330158283578, 1.4463098096966411, 1.8264787140112855, 0.47836606968549444, 2.033331449050306, 2.04946174540942, 3.461832926678291, 3.1530353471457553, 1.524346529553567, 0.7751640934609156, 3.368457045722216],
        [4.0931034716416885, 1.6167969064791035, 2.733489600356284, 2.493423995871604, 2.790393423438868, 2.1860519650879304, 1.222892486280913, 1.0935748833473682, 0.0, 3.8152986379170413, 2.365476935031332, 2.0481021145892906, 0.3756876046370925, 2.205422689446368, 1.2877142416741318, 3.0329542231805493, 2.428405720844503, 4.248988845767192, 3.288855493404803, 1.9032905049886502, 1.7747868675911604, 4.0931034716416885],
        [1.1662311767382214, 4.3840572029226825, 1.649131549225453, 1.3247369661554906, 4.902247092552655, 4.135885882783622, 3.68911338105728, 3.7535132401060474, 3.81529863791704, 0.0, 2.1638839919308954, 2.3329388563147613, 3.8185163550565124, 2.2495245389066203, 3.280638305872594, 4.648274541805991, 1.9048065323230452, 1.778824734350643, 0.8617493884807845, 2.3513841390982586, 3.9010791400744806, 1.1662311767382214],
        [1.8558890723327743, 2.398085514183649, 0.5167508351357989, 1.0885591683464089, 3.0873772748407813, 2.2951459054674546, 1.673967558937234, 1.7383674179860011, 2.3654769350313334, 2.163883991930896, 0.0, 0.3177930341947139, 2.368694652170806, 0.25429817233540675, 1.2654924837525479, 2.8872876919685426, 0.4647740056979498, 2.1241219201793826, 1.5634060989706027, 0.47933659162052455, 2.0165160384335037, 1.8558890723327743],
        [2.045419570805071, 2.096551112026006, 0.685805699519665, 1.2576140327302745, 2.785842872683138, 1.9936115033098112, 1.3724331567795904, 1.4368330158283578, 2.048102114589291, 2.3329388563147617, 0.31779303419471383, 0.0, 2.051319831728765, 0.4000813621743765, 0.9639580815949046, 2.787322727612138, 0.6338288700818158, 2.3305858924939544, 1.7324609633544688, 0.33826045002080646, 1.714981636275861, 2.045419570805071],
        [4.096321188781162, 1.9088848743011195, 2.7367073174957577, 2.4966417130110776, 3.005092541150578, 2.5358250404582927, 1.5726655616512757, 1.446309809696641, 0.37568760463709244, 3.8185163550565147, 2.368694652170806, 2.0513198317287644, 0.0, 2.208640406585842, 1.6374873170444946, 3.385689149529821, 2.4316234379839767, 4.294246451733239, 3.292073210544277, 1.906508222128124, 2.1263941950564775, 4.096321188781162],
        [1.962005253396929, 2.4828615026950436, 0.6023913821115228, 0.9918609274337946, 3.1849983660599257, 2.3927669966865985, 1.7715886501563782, 1.8264787140112864, 2.205422689446369, 2.24952453890662, 0.2542981723354067, 0.40008136217437645, 2.2086404065858423, 0.0, 1.3631135749716923, 3.1381463685656974, 0.46305929057826534, 2.2717553227866127, 1.6490466459463267, 0.31054284470292715, 2.1141371296526486, 1.962005253396929],
        [2.8954451524229037, 1.1502916738719429, 1.6335051490774983, 2.156288935435776, 2.0699413954203485, 1.4599911763491658, 0.4139662106367274, 0.47836606968549444, 1.2877142416741316, 3.2806383058725954, 1.2654924837525476, 0.9639580815949043, 1.637487317044494, 1.3631135749716923, 0.0, 2.2822087420376884, 1.5815283196396492, 2.9888210333789775, 2.680160412912302, 1.1023720827243944, 0.9889481872628805, 2.8954451524229037],
        [4.0073029891740015, 1.7294933442058493, 3.3333658399400656, 3.9501536192041335, 0.6605996853208866, 0.9016560241817246, 2.043003383293857, 2.033331449050305, 3.0329542231805493, 4.648274541805991, 2.8872876919685426, 2.7873227276121364, 3.3856891495298216, 3.1381463685656987, 2.2822087420376884, 0.0, 3.326368456555674, 3.8539744799248217, 4.135480064825656, 3.124657308835354, 1.5204983947506845, 4.0073029891740015],
        [1.838038801485669, 2.7058445340931785, 0.4454709632172493, 0.7007494390188183, 3.4034131107278833, 2.6111817413545566, 1.9900033948243354, 2.049461745409421, 2.428405720844504, 1.9048065323230445, 0.46477400569794985, 0.6338288700818158, 2.4316234379839763, 0.46305929057826534, 1.5815283196396495, 3.3263684565556737, 0.0, 2.1755262739299783, 1.2416962070828594, 0.5335258761010622, 2.3325518743206053, 1.838038801485669],
        [0.8652887367506049, 3.9290232007648394, 1.7300553107127303, 2.316541145285294, 4.107947030671488, 3.478100938230487, 3.356090920567977, 3.461832926678293, 4.248988845767193, 1.7788247343506436, 2.1241219201793826, 2.3305858924939535, 4.2942464517332395, 2.2717553227866123, 2.98882103337898, 3.853974479924821, 2.1755262739299797, 0.0, 1.8527522549999675, 2.5167131976205646, 3.446045137916636, 0.8652887367506049],
        [1.2176295110119242, 3.8127534433434027, 1.046655263834804, 0.807842263840559, 4.389452615572322, 3.6230914058032893, 3.0886354880969873, 3.153035347145755, 3.2888554934048044, 0.8617493884807846, 1.563406098970603, 1.7324609633544685, 3.292073210544277, 1.6490466459463264, 2.6801604129123016, 4.135480064825657, 1.2416962070828594, 1.8527522549999684, 0.0, 1.7203397175366066, 3.388284663094148, 1.2176295110119242],
        [2.2069631282308815, 2.180729318237325, 0.8473492569454758, 1.0623275129565917, 3.123177453906356, 2.330946084533029, 1.4728688620866959, 1.5243465295535676, 1.9032905049886508, 2.3513841390982595, 0.47933659162052467, 0.3382604500208064, 1.9065082221281244, 0.31054284470292726, 1.1023720827243944, 3.1246573088353573, 0.5335258761010623, 2.516713197620565, 1.720339717536607, 0.0, 2.0523162174990786, 2.2069631282308815],
        [3.4444140635988236, 0.482978062848203, 2.384528703758455, 2.9563370369690647, 1.2775990057816222, 0.9038357917909333, 0.7497428285190483, 0.7751640934609155, 1.7747868675911602, 3.9010791400744833, 2.016516038433504, 1.714981636275861, 2.126394195056477, 2.114137129652649, 0.9889481872628803, 1.5204983947506852, 2.3325518743206053, 3.4460451379166352, 3.3882846630941486, 2.0523162174990786, 0.0, 3.4444140635988236],
        [0.0, 3.9273921264470264, 1.39256783826842, 1.8902355212210766, 4.261275539920666, 3.541349022343171, 3.30405718667345, 3.3684570457222174, 4.093103471641693, 1.1662311767382212, 1.8558890723327734, 2.04541957080507, 4.0963211887811655, 1.9620052533969283, 2.8954451524229046, 4.007302989173999, 1.8380388014856692, 0.8652887367506049, 1.2176295110119233, 2.206963128230881, 3.444414063598823, 0.0],
]

let tsp29: [[Double]] = [
        [0.0, 2.0471234556194746, 1.0281937967227348, 1.3181925292995342, 1.9343612647667172, 2.0748191836548475, 2.01352520868927, 1.3401053876229811, 1.0667833105624396, 1.7505099884412272, 2.176653170763533, 2.7159751266335816, 3.0556190481189724, 2.8256463753780956, 3.295388249732021, 3.032818606789695, 3.4701086360482427, 2.94971289626056, 2.647839223740984, 3.6455893045326295, 2.590841973740644, 3.0442020004838883, 1.8472626605176912, 1.5083354757755547, 1.2738091023937652, 2.306747448738903, 2.0154761474587963, 2.538008735222389, 3.0258478598229, 0.33362611955580995],
        [2.0471234556194746, 0.0, 1.23474872043805, 0.7289309263199398, 0.26606974969393077, 0.12290430001163033, 0.698148370312919, 1.12127934841286, 1.0875817080127315, 1.4702844483664987, 0.723043715850319, 0.9682943881553256, 1.2742579653802975, 1.042755132850054, 1.9800114113556706, 1.4215756151836185, 1.9817536034074876, 1.6343360578842092, 1.3324623853646331, 2.0446249266145275, 1.6809698333322758, 1.3556658575726521, 1.2150123311800236, 1.7566811568433507, 1.7101446164011476, 0.7504541768328101, 1.1259324077587214, 0.8079591422940374, 1.3446289162480862, 2.1967413801991817],
        [1.028193796722735, 1.2347487204380498, 0.0, 0.50581779411811, 1.121986529585293, 1.2624444484734227, 1.3634494159019714, 0.7115578825007892, 0.3874669784607963, 1.330426319690495, 1.5265773779762346, 1.9388108955019425, 2.2447744727269154, 2.013271640196671, 2.6453124569447217, 2.3827428140023974, 2.820032843260945, 2.2996371034732617, 1.9977634309536858, 2.9955135117453318, 1.8336522114276126, 2.2318272653024627, 1.1263620158532017, 1.1484328634237593, 1.0944682074398835, 1.4943727135574785, 1.2582863851457666, 1.7256340000409636, 2.217973659449637, 1.1914602521451285],
        [1.3181925292995345, 0.7289309263199398, 0.5058177941181099, 0.0, 0.6161687354671832, 0.7566266543553128, 1.2530377042145107, 1.0647897568951235, 0.35865078169279146, 1.6836581940848292, 1.1883726812931257, 1.4329931013838326, 1.7389566786088044, 1.507453846078561, 2.473463844959647, 1.8862743284121255, 2.4464523166359946, 2.1892253917858007, 1.887351719266225, 2.509323639843034, 1.399008115750413, 1.7260094711843523, 0.6917179201760033, 1.0827549865978459, 1.0287903306139696, 0.9885549194393687, 0.8236422894685682, 1.219816205922854, 1.7121558653315274, 1.4678104538792416],
        [1.9343612647667177, 0.2660697496939308, 1.1219865295852933, 0.6161687354671832, 0.0, 0.38897404970556115, 0.6697085357843976, 1.2853050953231786, 0.9748195171599747, 1.6343101952768178, 0.6050435128630127, 0.8502941851680192, 1.156257762392991, 0.9247549298627475, 1.8901346765295344, 1.3035754121963121, 1.8637534004201812, 1.6058962233556877, 1.3040225508361116, 1.9266247236272214, 1.446285412867978, 1.2376656545853457, 1.102250140327267, 1.643918965990594, 1.5973824255483908, 0.5157697563685121, 0.8912479872944234, 0.689958939306731, 1.22662871326078, 2.083979189346425],
        [2.074819183654847, 0.12290430001163034, 1.262444448473423, 0.7566266543553128, 0.38897404970556115, 0.0, 0.6669986474707863, 1.0901296255707271, 1.1152774360481041, 1.4391347255243658, 0.7116324917975259, 0.9760316493108678, 1.3947954059079934, 1.1656594328616843, 1.9488616885135377, 1.494669493305403, 2.028536843927938, 1.6031863350420765, 1.3013126625225004, 2.1117510194691342, 1.744212963092008, 1.4785701575842825, 1.2427080592153965, 1.7843768848787236, 1.7378403444365205, 0.8733584768444405, 1.1891755375184536, 0.9308634423056678, 1.4675332162597163, 2.2244371082345546],
        [2.0135252086892694, 0.698148370312919, 1.3634494159019714, 1.2530377042145102, 0.6697085357843977, 0.6669986474707862, 0.0, 0.9266619598407442, 1.5983304746389917, 1.2381826099923368, 0.5026465798046931, 0.984160513704534, 1.2815970268202403, 1.211882723299488, 1.2818630410427516, 1.2587965854909633, 1.466749846661973, 0.9361876875712903, 0.6343140150517144, 1.8715672832338985, 1.9456307692603088, 1.4626254427837428, 1.6073765851401622, 2.280787934737921, 2.234251394295717, 1.0151151127608429, 1.3905933436867544, 1.0335138538170117, 1.5701836277710601, 2.340584268954974],
        [1.3401053876229814, 1.1212793484128596, 0.7115578825007892, 1.0647897568951237, 1.2853050953231782, 1.090129625570727, 0.926661959840744, 0.0, 0.9464389412378099, 0.6188684371897057, 1.1183181867206398, 1.6576401425906884, 1.9972840640760798, 1.9230126283168674, 2.208525000883495, 1.9744836227468026, 2.3934118065027166, 1.8096323070480453, 1.5609759748924583, 2.5872543204897376, 2.3926241742046264, 2.178312480039583, 1.6853339786302148, 1.7074048262007728, 1.653440170216897, 1.6307116722996235, 1.8172583479227802, 1.6882166377608507, 2.2248864117148988, 1.6671644478886853],
        [1.0667833105624398, 1.0875817080127312, 0.3874669784607962, 0.3586507816927914, 0.9748195171599744, 1.1152774360481041, 1.5983304746389921, 0.9464389412378098, 0.0, 1.5653073784275156, 1.5470234629859165, 1.7916438830766237, 2.0976074603015964, 1.866104627771352, 2.832114626652436, 2.2449251101049166, 2.805103098328786, 2.5345181622102824, 2.2326444896907063, 2.867974421535825, 1.6864851990022935, 2.084660252877143, 0.9791950034278837, 1.001265850998441, 0.9473011950145647, 1.3472057011321596, 1.1111193727204483, 1.5784669876156445, 2.0708066470243183, 1.1091596721864498],
        [1.7505099884412267, 1.4702844483664987, 1.330426319690495, 1.683658194084829, 1.634310195276817, 1.439134725524366, 1.238182609992337, 0.6188684371897059, 1.5653073784275153, 0.0, 1.467323286674279, 2.0066452425443275, 2.346289164029719, 2.272017728270506, 1.9768927526055367, 2.323488722700442, 2.416369406199124, 1.2800656149858591, 1.232500976853038, 2.9362594204433763, 2.910232428752729, 2.5273175799932233, 2.304202415819922, 2.3262732633904784, 2.2723086074066012, 1.9797167722532625, 2.355195003179173, 2.0372217377144892, 2.5738915116685392, 2.077569048706931],
        [2.176653170763532, 0.723043715850319, 1.5265773779762346, 1.1883726812931252, 0.6050435128630126, 0.7116324917975256, 0.5026465798046931, 1.11831818672064, 1.5470234629859165, 1.4673232866742787, 0.0, 0.5815293642397341, 0.8789658773554404, 0.8092515738346882, 1.2862710022341097, 0.856165436026163, 1.3660486821665063, 1.0527932969956226, 0.8821346462373483, 1.468936133769098, 1.7537634257974335, 1.0599942933189432, 1.5427115622187773, 2.2161229118165355, 2.1695863713743315, 0.7918985866791923, 1.3259283207653694, 0.6308827043522115, 1.1675524783062607, 2.5037122310292363],
        [2.7159751266335803, 0.9682943881553258, 1.9388108955019425, 1.4329931013838326, 0.8502941851680194, 0.9760316493108676, 0.9841605137045337, 1.6576401425906886, 1.791643883076624, 2.006645242544328, 0.5815293642397341, 0.0, 0.4187637565971255, 0.2656926793062909, 1.1806206341524446, 0.5186378439945353, 1.052505194617071, 1.2910942912156953, 1.1204356404574205, 1.1357193701582675, 1.5968700058308487, 0.5766164225048934, 1.4653198402090102, 2.3033077015308527, 2.357238469732728, 0.6573665496020622, 1.2084182212324484, 0.35261744413217827, 0.7063218800881069, 2.9008035552630744],
        [3.055619048118972, 1.2742579653802975, 2.2447744727269145, 1.7389566786088042, 1.1562577623929908, 1.3947954059079934, 1.28159702682024, 1.9972840640760803, 2.0976074603015955, 2.3462891640297197, 0.8789658773554404, 0.4187637565971256, 0.0, 0.2315028325302435, 1.0188645396539093, 0.30374917398870294, 0.8639271622125728, 1.563183408715191, 1.3947317419091307, 0.926798485419612, 1.7100326730859754, 0.26627071045656603, 1.599608207769231, 2.4375960690910734, 2.4915268372929487, 0.8840763780172068, 1.3236835079202547, 0.5957401190997743, 0.5645226488170587, 3.1946439738474908],
        [2.8256463753780956, 1.0427551328500542, 2.013271640196671, 1.507453846078561, 0.9247549298627477, 1.1656594328616845, 1.2118827232994878, 1.9230126283168676, 1.8661046277713522, 2.272017728270507, 0.8092515738346882, 0.265692679306291, 0.23150283253024354, 0.0, 1.0939358479987709, 0.37882048233356447, 0.9389984705574344, 1.4934691051944387, 1.3250174383883786, 1.0018697937644736, 1.5793251833956083, 0.32632541970753176, 1.4477750177737696, 2.2857628790956124, 2.3396936472974876, 0.6673402558441178, 1.190873398797208, 0.3790039969266851, 0.5631357134293975, 2.9752642999578027],
        [3.295388249732019, 1.9800114113556695, 2.6453124569447235, 2.473463844959646, 1.8901346765295333, 1.9488616885135368, 1.2818630410427507, 2.208525000883495, 2.8321146266524377, 1.9768927526055362, 1.2862710022341095, 1.1806206341524448, 1.0188645396539093, 1.093935847998771, 0.0, 0.8065372788962039, 0.5205886981047401, 0.9985936662403392, 0.8323844349653171, 1.1437950801724692, 2.5261771877536305, 1.0768884042677536, 2.4157527224368867, 3.2537405837587285, 3.307671351960604, 1.733628922852767, 2.1398280225879094, 1.458173134568302, 1.3762544690163918, 3.622447309997724],
        [3.0328186067896947, 1.4215756151836185, 2.382742814002399, 1.8862743284121253, 1.303575412196312, 1.4946694933054032, 1.2587965854909628, 1.9744836227468034, 2.2449251101049166, 2.323488722700443, 0.8561654360261632, 0.5186378439945353, 0.30374917398870294, 0.37882048233356447, 0.806537278896204, 0.0, 0.6682220784081472, 1.5403829673859142, 1.371931300579854, 0.7310934016151861, 1.8188958629566567, 0.3729631521723583, 1.7084713976399128, 2.5464592589617556, 2.600390027163631, 1.0313940278205276, 1.432546697790936, 0.7430577689030952, 0.672329216920997, 3.303507163718173],
        [3.4701086360482423, 1.9817536034074883, 2.8200328432609467, 2.446452316635995, 1.8637534004201817, 2.028536843927938, 1.466749846661973, 2.393411806502717, 2.805103098328787, 2.4163694061991245, 1.3660486821665063, 1.0525051946170707, 0.8639271622125726, 0.9389984705574342, 0.5205886981047401, 0.668222078408147, 0.0, 1.3887322288123518, 1.2718610885589046, 0.7737247264617404, 2.3712398103122934, 0.9219510268264166, 2.26081534499555, 3.098803206317392, 3.152733974519267, 1.5915720160443978, 1.9848906451465722, 1.3032357571269653, 1.2213170915750553, 3.7971676963139473],
        [2.949712896260558, 1.6343360578842085, 2.2996371034732626, 2.1892253917858, 1.605896223355687, 1.6031863350420759, 0.9361876875712899, 1.8096323070480456, 2.534518162210283, 1.2800656149858591, 1.052793296995623, 1.2910942912156955, 1.5631834087151912, 1.493469105194439, 0.9985936662403391, 1.540382967385914, 1.3887322288123525, 0.0, 0.4680430380336371, 2.0119386108800814, 2.463328352773395, 1.7442118246786937, 2.331265364843629, 3.1692532261654707, 3.170439081867007, 1.5014635136551537, 2.0743637458670667, 1.340447631328173, 1.8771174052822213, 3.276771956526263],
        [2.6478392237409825, 1.3324623853646334, 1.997763430953686, 1.8873517192662246, 1.3040225508361116, 1.3013126625225007, 0.6343140150517143, 1.5609759748924585, 2.2326444896907063, 1.2325009768530377, 0.8821346462373482, 1.1204356404574207, 1.3947317419091312, 1.3250174383883788, 0.832384434965317, 1.3719313005798541, 1.2718610885589048, 0.468043038033637, 0.0, 1.895067470626634, 2.29266970201512, 1.5757601578726337, 2.160606714085354, 2.9151019497896358, 2.868565409347432, 1.330804862896879, 1.903705095108792, 1.1697889805698982, 1.7064587545239465, 2.9748982840066875],
        [3.6455893045326286, 2.0446249266145275, 2.995513511745333, 2.5093236398430347, 1.926624723627221, 2.1117510194691347, 1.871567283233898, 2.5872543204897376, 2.8679744215358265, 2.9362594204433767, 1.4689361337690978, 1.1357193701582668, 0.9267984854196119, 1.0018697937644734, 1.1437950801724692, 0.7310934016151862, 0.7737247264617405, 2.0119386108800814, 1.8950674706266337, 0.0, 2.214567636631512, 0.8482989846230736, 2.158108507418675, 3.02005828815974, 3.0739890563616155, 1.6258727752116322, 1.8467362182919387, 1.366107080334004, 0.9289170516087357, 3.777106192916157],
        [2.590841973740642, 1.680969833332276, 1.8336522114276117, 1.3990081157504126, 1.446285412867978, 1.7442129630920085, 1.9456307692603083, 2.3926241742046255, 1.686485199002293, 2.910232428752728, 1.7537634257974337, 1.5968700058308491, 1.7100326730859756, 1.5793251833956088, 2.5261771877536296, 1.8188958629566578, 2.371239810312293, 2.463328352773395, 2.292669702015121, 2.2145676366315117, 0.0, 1.544543047345696, 0.9310569274251134, 1.7930067081661785, 1.8469374763680535, 1.073037949967388, 0.6120179530863418, 1.2442525616986708, 1.4225219427202092, 2.550054612922596],
        [3.0442020004838866, 1.355665857572652, 2.2318272653024622, 1.7260094711843519, 1.2376656545853453, 1.4785701575842822, 1.462625442783743, 2.1783124800395837, 2.084660252877143, 2.5273175799932224, 1.0599942933189432, 0.5766164225048936, 0.26627071045656603, 0.32632541970753165, 1.0768884042677536, 0.3729631521723583, 0.921951026826417, 1.7442118246786942, 1.575760157872634, 0.8482989846230736, 1.5445430473456958, 0.0, 1.4344361973804922, 2.278566098105545, 2.3324968663074204, 0.8035205313260717, 1.158193882179975, 0.6595357108598959, 0.32989635204484397, 3.035614002861962],
        [1.8472626605176914, 1.2150123311800238, 1.1263620158532024, 0.691717920176003, 1.102250140327267, 1.2427080592153967, 1.6073765851401622, 1.6853339786302157, 0.9791950034278837, 2.3042024158199217, 1.5427115622187775, 1.4653198402090104, 1.5996082077692313, 1.44777501777377, 2.4157527224368853, 1.7084713976399135, 2.2608153449955486, 2.331265364843628, 2.160606714085354, 2.1581085074186745, 0.9310569274251134, 1.4344361973804929, 0.0, 0.9716306399533863, 1.0255614081552613, 0.9046951105723154, 0.35338607874837663, 1.112702396076832, 1.366062813507372, 1.8064752996996454],
        [1.5083354757755554, 1.7566811568433516, 1.1484328634237595, 1.0827549865978456, 1.6439189659905942, 1.7843768848787245, 2.2807879347379214, 1.7074048262007728, 1.001265850998441, 2.326273263390479, 2.2161229118165364, 2.3033077015308527, 2.437596069091074, 2.2857628790956106, 3.2537405837587268, 2.5464592589617547, 3.09880320631739, 3.1692532261654693, 2.9151019497896353, 3.02005828815974, 1.7930067081661787, 2.278566098105545, 0.971630639953386, 0.0, 0.31010847737140235, 1.7565207743466869, 1.217640881884333, 1.9506902573986737, 2.228012594248437, 1.3297270237638288],
        [1.2738091023937654, 1.7101446164011485, 1.0944682074398835, 1.0287903306139699, 1.597382425548391, 1.7378403444365214, 2.234251394295718, 1.653440170216897, 0.9473011950145649, 2.272308607406603, 2.1695863713743333, 2.357238469732728, 2.491526837292949, 2.339693647297486, 3.3076713519606025, 2.60039002716363, 3.1527339745192657, 3.1704390818670074, 2.8685654093474318, 3.0739890563616155, 1.846937476368054, 2.3324968663074204, 1.025561408155261, 0.31010847737140235, 0.0, 1.810451542548562, 1.271571650086208, 2.004621025600549, 2.281943362450312, 1.0382576722508157],
        [2.306747448738903, 0.7504541768328101, 1.4943727135574782, 0.9885549194393684, 0.5157697563685122, 0.8733584768444403, 1.0151151127608429, 1.630711672299624, 1.3472057011321596, 1.9797167722532631, 0.7918985866791926, 0.6573665496020623, 0.884076378017207, 0.6673402558441178, 1.7336289228527675, 1.0313940278205278, 1.591572016044397, 1.5014635136551537, 1.330804862896879, 1.6258727752116326, 1.073037949967388, 0.8035205313260718, 0.9046951105723156, 1.7565207743466866, 1.8104515425485617, 0.0, 0.6820118819217431, 0.3322676341471801, 0.7896669254732469, 2.45636537331861],
        [2.0154761474587977, 1.1259324077587216, 1.2582863851457673, 0.8236422894685681, 0.8912479872944238, 1.1891755375184534, 1.3905933436867544, 1.8172583479227808, 1.1111193727204485, 2.355195003179175, 1.3259283207653692, 1.2084182212324486, 1.3236835079202545, 1.190873398797208, 2.139828022587909, 1.4325466977909367, 1.9848906451465724, 2.0743637458670667, 1.9037050951087922, 1.8467362182919385, 0.6120179530863419, 1.1581938821799753, 0.3533860787483767, 1.2176408818843336, 1.2715716500862086, 0.6820118819217431, 0.0, 0.8558007771002702, 1.0546905243806357, 1.9746887866407516],
        [2.5380087352223883, 0.8079591422940374, 1.7256340000409636, 1.2198162059228537, 0.689958939306731, 0.9308634423056676, 1.033513853817011, 1.6882166377608512, 1.578466987615645, 2.0372217377144906, 0.6308827043522115, 0.35261744413217827, 0.5957401190997742, 0.37900399692668507, 1.4581731345683013, 0.7430577689030949, 1.3032357571269644, 1.3404476313281726, 1.169788980569898, 1.366107080334004, 1.2442525616986713, 0.6595357108598958, 1.1127023960768319, 1.9506902573986749, 2.00462102560055, 0.33226763414718014, 0.8558007771002701, 0.0, 0.6456821050070709, 2.6876266598020955],
        [3.025847859822901, 1.3446289162480862, 2.2179736594496373, 1.712155865331527, 1.2266287132607796, 1.4675332162597166, 1.5701836277710606, 2.2248864117148996, 2.0708066470243183, 2.573891511668539, 1.1675524783062605, 0.7063218800881071, 0.5645226488170585, 0.5631357134293974, 1.3762544690163918, 0.6723292169209968, 1.221317091575055, 1.8771174052822217, 1.7064587545239474, 0.928917051608736, 1.422521942720209, 0.3298963520448441, 1.3660628135073711, 2.2280125942484377, 2.281943362450313, 0.7896669254732469, 1.0546905243806357, 0.645682105007071, 0.0, 2.985060499004855],
        [0.33362611955580995, 2.1967413801991813, 1.1914602521451287, 1.4678104538792411, 2.083979189346424, 2.2244371082345546, 2.3405842689549736, 1.667164447888685, 1.1091596721864498, 2.077569048706931, 2.503712231029237, 2.900803555263075, 3.1946439738474908, 2.9752642999578027, 3.6224473099977246, 3.3035071637181717, 3.7971676963139473, 3.2767719565262636, 2.9748982840066875, 3.777106192916158, 2.550054612922598, 3.0356140028619625, 1.8064752996996452, 1.329727023763829, 1.0382576722508154, 2.45636537331861, 1.9746887866407505, 2.687626659802096, 2.9850604990048546, 0.0],
]

let tsp49: [[Double]] = [
        [0.0, 2.641114, 1.70197, 0.918772, 2.644329, 2.533898, 1.64231, 3.790218, 3.235148, 4.241897, 3.487823, 2.841612, 4.080215, 3.646501, 2.973629, 3.451601, 3.742008, 2.866826, 3.106335, 1.581391, 2.577067, 2.652206, 2.804893, 1.472082, 1.213196, 1.79019, 2.383835, 2.734446, 4.723241, 3.519465, 3.939204, 3.005697, 3.840536, 2.063607, 4.624661, 3.677357, 4.22863, 2.50094, 6.771957, 2.840926, 4.38852, 9.209339, 6.90815, 5.212161, 4.327055, 11.939031, 8.963833, 2.606747, 2.476278],
        [2.641114, 0.0, 1.379112, 1.722341, 0.833401, 0.715182, 1.458725, 1.75372, 1.865082, 2.345087, 2.342399, 1.354887, 2.013895, 2.23166, 2.018826, 2.007837, 1.640069, 1.558421, 1.040015, 1.753982, 1.689637, 1.900978, 2.809299, 2.071718, 2.161145, 1.75361, 1.725289, 2.628585, 2.919492, 4.827037, 2.018702, 1.056761, 2.037625, 3.413626, 2.599321, 1.75343, 3.965202, 2.123631, 4.851455, 4.97181, 3.256884, 7.406428, 5.105239, 3.409249, 3.861742, 10.018529, 7.043331, 1.055716, 1.567579],
        [1.70197, 1.379112, 0.0, 1.038798, 1.382328, 1.271897, 0.493018, 2.777863, 2.298893, 3.229541, 2.710612, 1.875739, 3.085409, 2.723348, 2.295215, 2.499526, 2.774005, 1.992233, 2.111529, 1.593405, 1.915584, 2.126926, 3.008045, 1.675234, 1.343039, 1.805147, 1.951237, 2.854532, 3.710885, 4.648725, 2.273418, 2.037694, 2.82818, 2.949703, 3.663113, 2.033932, 4.191149, 0.925915, 5.106171, 4.483071, 2.68655, 8.196983, 5.895795, 4.199805, 2.75203, 10.273245, 7.298048, 1.638744, 1.797863],
        [0.918772, 1.722341, 1.038798, 0.0, 1.725557, 1.615126, 0.979138, 2.87276, 2.381454, 3.324439, 2.777532, 1.9583, 3.188509, 2.80591, 2.263339, 2.582087, 2.856566, 2.074794, 2.214629, 0.882675, 1.878351, 1.953489, 2.106177, 0.773365, 0.439635, 1.091474, 1.685119, 2.03573, 3.805782, 3.746857, 3.020432, 2.120255, 2.923077, 2.047835, 3.75801, 2.758585, 3.529914, 1.846958, 5.853185, 3.581202, 3.725348, 8.29188, 5.990692, 4.294702, 3.673073, 11.020259, 8.045061, 1.721305, 1.765987],
        [2.644329, 0.833401, 1.382328, 1.725557, 0.0, 0.726186, 1.46194, 2.457147, 2.550859, 3.048515, 2.996968, 2.040664, 2.706423, 2.917437, 2.581571, 2.693614, 2.343496, 2.244198, 1.732544, 1.879761, 2.20194, 2.413282, 3.321602, 2.238859, 2.164361, 2.091503, 2.237592, 3.140888, 3.606107, 5.33934, 1.740177, 1.760189, 2.723402, 3.754024, 3.29185, 1.47833, 4.477505, 1.526188, 4.572931, 5.299836, 2.423483, 8.092205, 5.791016, 4.095026, 3.150181, 9.740005, 6.764807, 1.741493, 2.084219],
        [2.533898, 0.715182, 1.271897, 1.615126, 0.726186, 0.0, 1.351509, 2.34091, 2.434621, 2.932277, 2.886537, 1.924427, 2.590186, 2.8012, 2.47114, 2.577377, 2.227259, 2.127961, 1.616306, 1.76933, 2.091509, 2.302851, 3.211171, 2.128428, 2.05393, 1.981072, 2.127161, 3.030457, 3.489869, 5.228909, 1.405306, 1.643951, 2.607164, 3.643593, 3.175613, 1.143459, 4.367074, 2.016415, 4.238059, 5.189405, 2.770818, 7.975967, 5.674779, 3.978789, 3.497516, 9.405133, 6.429935, 1.625255, 1.973788],
        [1.64231, 1.458725, 0.493018, 0.979138, 1.46194, 1.351509, 0.0, 2.859561, 2.373018, 3.31124, 2.784737, 1.949864, 3.17531, 2.797474, 2.369341, 2.573651, 2.848131, 2.066358, 2.20143, 1.667531, 1.98971, 2.201052, 2.948385, 1.615573, 1.283378, 1.879273, 2.025362, 2.877937, 3.792583, 4.589064, 2.48487, 2.111819, 2.909878, 2.890043, 3.744811, 2.494968, 4.265275, 0.991816, 5.317623, 4.42341, 2.898002, 8.278681, 5.977493, 4.281503, 2.817931, 10.484697, 7.509499, 1.712869, 1.871989],
        [3.790218, 1.75372, 2.777863, 2.87276, 2.457147, 2.34091, 2.859561, 0.0, 1.568674, 0.671463, 1.930907, 1.783511, 0.688565, 1.733859, 2.052271, 1.630806, 0.292402, 1.943783, 1.377017, 2.308171, 2.118277, 2.329619, 3.237939, 2.514828, 2.936871, 2.19672, 2.15393, 3.057225, 1.2277, 5.03709, 3.647028, 1.393763, 0.351251, 3.848086, 1.36037, 3.381756, 4.027298, 3.522381, 6.479781, 5.414921, 4.88063, 6.216325, 3.915136, 1.885207, 5.260492, 11.646855, 8.671657, 1.484339, 1.996203],
        [3.235148, 1.865082, 2.298893, 2.381454, 2.550859, 2.434621, 2.373018, 1.568674, 0.0, 1.977496, 0.524655, 0.658963, 0.889642, 0.443607, 0.48564, 0.219784, 1.276271, 0.381251, 0.900229, 1.653757, 0.885706, 0.864965, 1.836532, 1.839129, 2.282457, 1.521021, 1.163931, 1.578968, 2.62031, 3.47046, 3.748772, 1.443742, 1.895431, 2.811104, 1.417376, 3.4835, 2.460667, 3.043411, 6.581525, 4.463239, 4.625175, 6.573272, 4.272083, 2.810039, 4.781523, 11.748599, 8.773401, 0.847926, 0.778783],
        [4.241897, 2.345087, 3.229541, 3.324439, 3.048515, 2.932277, 3.31124, 0.671463, 1.977496, 0.0, 2.374191, 2.364193, 1.121093, 2.188103, 2.461093, 2.039629, 0.854134, 2.352605, 1.968384, 2.899538, 2.709645, 2.840418, 3.811985, 3.106196, 3.528239, 2.788088, 2.745297, 3.554421, 0.748186, 5.445913, 4.238395, 1.98513, 0.537822, 4.439453, 1.873422, 3.973123, 4.43612, 3.97406, 7.071148, 6.006288, 5.471998, 6.700865, 4.399677, 2.410113, 5.712171, 12.238222, 9.263024, 2.075707, 2.58757],
        [3.487823, 2.342399, 2.710612, 2.777532, 2.996968, 2.886537, 2.784737, 1.930907, 0.524655, 2.374191, 0.0, 1.155662, 1.270533, 0.333778, 0.753656, 0.405658, 1.638504, 0.797715, 1.306465, 1.906431, 1.063563, 1.042823, 2.01439, 2.091804, 2.535132, 1.773696, 1.341789, 1.754213, 3.017005, 3.638799, 4.22609, 1.928262, 2.257664, 2.988961, 1.360753, 3.960818, 2.137726, 3.45513, 7.058843, 4.641097, 5.045574, 6.512677, 4.211489, 2.772897, 5.193242, 12.225917, 9.250719, 1.338981, 1.025824],
        [2.841612, 1.354887, 1.875739, 1.9583, 2.040664, 1.924427, 1.949864, 1.783511, 0.658963, 2.364193, 1.155662, 0.0, 1.276339, 1.074138, 0.818352, 0.850315, 1.662968, 0.357947, 0.768339, 1.3014, 0.649623, 0.770822, 1.727594, 1.565087, 1.9301, 1.246979, 0.944394, 1.501281, 2.949282, 3.699733, 3.238578, 0.933548, 2.110268, 2.617949, 1.8375, 2.973306, 2.800891, 2.620257, 6.071331, 4.223114, 4.19261, 6.997964, 4.696776, 3.196735, 4.358369, 11.238405, 8.263207, 0.299171, 0.523138],
        [4.080215, 2.013895, 3.085409, 3.188509, 2.706423, 2.590186, 3.17531, 0.688565, 0.889642, 1.121093, 1.270533, 1.276339, 0.0, 1.073485, 1.373239, 0.951775, 0.396162, 1.264751, 0.97388, 2.532726, 1.773305, 1.752564, 2.724132, 2.72263, 3.161427, 2.404521, 2.051531, 2.466567, 1.763907, 4.358059, 3.904337, 1.606509, 1.015322, 3.698703, 0.819526, 3.639065, 3.348267, 3.829927, 6.73709, 5.350839, 5.129906, 6.086153, 3.784964, 2.154495, 5.568039, 11.80798, 8.928966, 1.50895, 1.662284],
        [3.646501, 2.23166, 2.723348, 2.80591, 2.917437, 2.8012, 2.797474, 1.733859, 0.443607, 2.188103, 0.333778, 1.074138, 1.073485, 0.0, 0.873902, 0.225659, 1.441457, 0.821526, 1.195725, 2.06511, 1.222242, 1.201501, 2.173069, 2.250482, 2.69381, 1.932374, 1.500468, 1.912891, 2.830917, 3.797477, 4.11535, 1.817523, 2.060617, 3.14764, 1.160873, 3.850079, 2.33139, 3.467867, 6.948104, 4.799776, 5.049631, 6.31192, 4.010731, 2.57214, 5.205978, 12.033747, 9.13998, 1.272382, 1.184503],
        [2.973629, 2.018826, 2.295215, 2.263339, 2.581571, 2.47114, 2.369341, 2.052271, 0.48564, 2.461093, 0.753656, 0.818352, 1.373239, 0.873902, 0.0, 0.70461, 1.759868, 0.460405, 1.383826, 1.392238, 0.621653, 0.600912, 1.57248, 1.57761, 2.020938, 1.259502, 0.899879, 1.314915, 3.103907, 3.341779, 3.876446, 1.597487, 2.379028, 2.547051, 1.849503, 3.614599, 2.362747, 3.039733, 6.709199, 4.199187, 4.630177, 7.003986, 4.702798, 3.264023, 4.777845, 11.876273, 8.901075, 1.001671, 0.511631],
        [3.451601, 2.007837, 2.499526, 2.582087, 2.693614, 2.577377, 2.573651, 1.630806, 0.219784, 2.039629, 0.405658, 0.850315, 0.951775, 0.225659, 0.70461, 0.0, 1.338404, 0.597704, 0.971903, 1.87021, 1.101969, 1.081228, 2.052795, 2.055582, 2.49891, 1.737474, 1.380194, 1.795231, 2.682443, 3.680301, 3.891528, 1.5937, 1.957564, 3.027367, 1.199427, 3.626256, 2.542058, 3.244044, 6.724281, 4.679502, 4.825808, 6.355323, 4.054135, 2.613947, 4.982156, 11.891355, 8.916157, 1.048559, 0.995236],
        [3.742008, 1.640069, 2.774005, 2.856566, 2.343496, 2.227259, 2.848131, 0.292402, 1.276271, 0.854134, 1.638504, 1.662968, 0.396162, 1.441457, 1.759868, 1.338404, 0.0, 1.65138, 1.263366, 2.19452, 2.004626, 2.139193, 3.11076, 2.401177, 2.82322, 2.083069, 2.040278, 2.853196, 1.458174, 4.744688, 3.533376, 1.280112, 0.61916, 3.734434, 1.187497, 3.268105, 3.734896, 3.518523, 6.36613, 5.30127, 4.766979, 6.454124, 4.152936, 2.131283, 5.256635, 11.533204, 8.558006, 1.370688, 1.882551],
        [2.866826, 1.558421, 1.992233, 2.074794, 2.244198, 2.127961, 2.066358, 1.943783, 0.381251, 2.352605, 0.797715, 0.357947, 1.264751, 0.821526, 0.460405, 0.597704, 1.65138, 0.0, 0.982931, 1.285435, 0.522394, 0.503116, 1.474683, 1.470807, 1.914135, 1.152699, 0.800619, 1.248371, 2.995419, 3.374283, 3.442112, 1.137082, 2.27054, 2.447792, 1.795295, 3.17684, 2.442943, 2.736751, 6.274865, 4.099927, 4.318515, 6.951191, 4.650003, 3.185148, 4.474862, 11.441939, 8.466741, 0.541266, 0.410462],
        [3.106335, 1.040015, 2.111529, 2.214629, 1.732544, 1.616306, 2.20143, 1.377017, 0.900229, 1.968384, 1.306465, 0.768339, 0.97388, 1.195725, 1.383826, 0.971903, 1.263366, 0.982931, 0.0, 1.558847, 1.117138, 1.328479, 2.2368, 1.765504, 2.187547, 1.447396, 1.15279, 2.056086, 2.542788, 4.254538, 2.930457, 0.632629, 1.703774, 2.846946, 1.559306, 2.665186, 3.358853, 2.856048, 5.76321, 4.43151, 4.156027, 6.825933, 4.524745, 2.894276, 4.594159, 10.930284, 7.955087, 0.53507, 0.995063],
        [1.581391, 1.753982, 1.593405, 0.882675, 1.879761, 1.76933, 1.667531, 2.308171, 1.653757, 2.899538, 1.906431, 1.3014, 2.532726, 2.06511, 1.392238, 1.87021, 2.19452, 1.285435, 1.558847, 0.0, 0.995676, 1.070814, 1.592295, 0.359098, 0.6287, 0.211742, 0.802444, 1.42157, 3.473943, 3.510182, 3.174636, 1.458208, 2.634929, 1.874263, 3.04327, 2.912789, 2.915754, 2.337924, 6.007389, 3.420075, 3.940343, 7.970435, 5.669247, 4.147052, 4.076035, 11.174463, 8.199266, 1.059259, 0.894886],
        [2.577067, 1.689637, 1.915584, 1.878351, 2.20194, 2.091509, 1.98971, 2.118277, 0.885706, 2.709645, 1.063563, 0.649623, 1.773305, 1.222242, 0.621653, 1.101969, 2.004626, 0.522394, 1.117138, 0.995676, 0.0, 0.229979, 1.172419, 1.180063, 1.624376, 0.861954, 0.321154, 0.958466, 3.284049, 3.156918, 3.496815, 1.268315, 2.445035, 1.968326, 2.200402, 3.234968, 2.294202, 2.660103, 6.329569, 3.620462, 4.250547, 7.352326, 5.051138, 3.612546, 4.398214, 11.496642, 8.521445, 0.675473, 0.126486],
        [2.652206, 1.900978, 2.126926, 1.953489, 2.413282, 2.302851, 2.201052, 2.329619, 0.864965, 2.840418, 1.042823, 0.770822, 1.752564, 1.201501, 0.600912, 1.081228, 2.139193, 0.503116, 1.328479, 1.070814, 0.229979, 0.0, 0.975732, 1.255201, 1.699515, 0.937093, 0.365241, 0.749419, 3.483232, 2.947871, 3.708157, 1.479656, 2.656376, 1.974828, 2.179661, 3.44631, 2.064284, 2.871444, 6.54091, 3.628398, 4.461888, 7.331585, 5.030397, 3.591805, 4.609556, 11.707984, 8.732786, 0.886815, 0.356465],
        [2.804893, 2.809299, 3.008045, 2.106177, 3.321602, 3.211171, 2.948385, 3.237939, 1.836532, 3.811985, 2.01439, 1.727594, 2.724132, 2.173069, 1.57248, 2.052795, 3.11076, 1.474683, 2.2368, 1.592295, 1.172419, 0.975732, 0.0, 1.43309, 2.023607, 1.380553, 1.08401, 0.421099, 4.403711, 2.5325, 4.616477, 2.387977, 3.564697, 1.452843, 3.151228, 4.35463, 1.901499, 3.779765, 7.449231, 3.106413, 5.370209, 8.303152, 6.001964, 4.563372, 5.517876, 12.616304, 9.641107, 1.795135, 1.298904],
        [1.472082, 2.071718, 1.675234, 0.773365, 2.238859, 2.128428, 1.615573, 2.514828, 1.839129, 3.106196, 2.091804, 1.565087, 2.72263, 2.250482, 1.57761, 2.055582, 2.401177, 1.470807, 1.765504, 0.359098, 1.180063, 1.255201, 1.43309, 0.0, 0.690795, 0.318108, 0.98683, 1.262364, 3.6806, 3.184505, 3.533734, 1.664866, 2.841586, 1.52761, 3.228642, 3.271887, 2.756549, 2.474204, 6.366487, 3.060977, 4.299441, 8.177093, 5.875904, 4.353709, 4.300319, 11.533561, 8.558364, 1.265916, 1.080259],
        [1.213196, 2.161145, 1.343039, 0.439635, 2.164361, 2.05393, 1.283378, 2.936871, 2.282457, 3.528239, 2.535132, 1.9301, 3.161427, 2.69381, 2.020938, 2.49891, 2.82322, 1.914135, 2.187547, 0.6287, 1.624376, 1.699515, 2.023607, 0.690795, 0.0, 0.840442, 1.431144, 1.953159, 4.102643, 3.664286, 3.459236, 2.086909, 3.263629, 1.965265, 3.67197, 3.197389, 3.447344, 2.142009, 6.291989, 3.498632, 4.029589, 8.599136, 6.297947, 4.71691, 3.968124, 11.459063, 8.483865, 1.687959, 1.523587],
        [1.79019, 1.75361, 1.805147, 1.091474, 2.091503, 1.981072, 1.879273, 2.19672, 1.521021, 2.788088, 1.773696, 1.246979, 2.404521, 1.932374, 1.259502, 1.737474, 2.083069, 1.152699, 1.447396, 0.211742, 0.861954, 0.937093, 1.380553, 0.318108, 0.840442, 0.0, 0.668722, 1.209828, 3.362492, 3.298439, 3.386378, 1.346757, 2.523478, 1.662521, 2.910534, 3.124531, 2.704012, 2.549666, 6.219132, 3.218201, 4.152086, 7.858984, 5.557796, 4.035601, 4.287777, 11.386205, 8.411008, 0.947808, 0.76215],
